0
0
0.2
1
0
0
0.723607
0.235114
0.2
1
0
0
0.4
0
0.2
1
0
0
0
0
0.2
1
0
0
0.847214
0.615537
0.2
1
0
0
0.723607
0.235114
0.2
1
0
0
0
0
0.2
1
0
0
0.723607
0.995959
0.2
1
0
0
0.847214
0.615537
0.2
1
0
0
0
0
0.2
1
0
0
0.4
1.23107
0.2
1
0
0
0.723607
0.995959
0.2
1
0
0
0
0
0.2
1
0
0
5.55112e-17
1.23107
0.2
1
0
0
0.4
1.23107
0.2
1
0
0
0
0
0.2
1
0
0
-0.323607
0.995959
0.2
1
0
0
5.55112e-17
1.23107
0.2
1
0
0
0
0
0.2
1
0
0
-0.447214
0.615537
0.2
1
0
0
-0.323607
0.995959
0.2
1
0
0
0
0
0.2
1
0
0
-0.323607
0.235114
0.2
1
0
0
-0.447214
0.615537
0.2
1
0
0
0
0
-0.2
1
0
0
0.723607
0.235114
-0.2
1
0
0
0.4
0
-0.2
1
0
0
0
0
-0.2
1
0
0
0.847214
0.615537
-0.2
1
0
0
0.723607
0.235114
-0.2
1
0
0
0
0
-0.2
1
0
0
0.723607
0.995959
-0.2
1
0
0
0.847214
0.615537
-0.2
1
0
0
0
0
-0.2
1
0
0
0.4
1.23107
-0.2
1
0
0
0.723607
0.995959
-0.2
1
0
0
0
0
-0.2
1
0
0
5.55112e-17
1.23107
-0.2
1
0
0
0.4
1.23107
-0.2
1
0
0
0
0
-0.2
1
0
0
-0.323607
0.995959
-0.2
1
0
0
5.55112e-17
1.23107
-0.2
1
0
0
0
0
-0.2
1
0
0
-0.447214
0.615537
-0.2
1
0
0
-0.323607
0.995959
-0.2
1
0
0
0
0
-0.2
1
0
0
-0.323607
0.235114
-0.2
1
0
0
-0.447214
0.615537
-0.2
1
0
0
0
0
0.2
0
0
1
0
0
-0.2
0
0
1
0.4
0
-0.2
0
0
1
0
0
0.2
0
0
1
0.4
0
0.2
0
0
1
0.4
0
-0.2
0
0
1
0.4
0
0.2
0
1
1
0.4
0
-0.2
0
1
1
0.723607
0.235114
-0.2
0
1
1
0.4
0
0.2
0
1
1
0.723607
0.235114
0.2
0
1
1
0.723607
0.235114
-0.2
0
1
1
0.723607
0.235114
0.2
0.82
1
0.08
0.723607
0.235114
-0.2
0.82
1
0.08
0.847214
0.615537
-0.2
0.82
1
0.08
0.723607
0.235114
0.2
0.82
1
0.08
0.847214
0.615537
0.2
0.82
1
0.08
0.847214
0.615537
-0.2
0.82
1
0.08
0.847214
0.615537
0.2
0.5
0.5
0
0.847214
0.615537
-0.2
0.5
0.5
0
0.723607
0.995959
-0.2
0.5
0.5
0
0.847214
0.615537
0.2
0.5
0.5
0
0.723607
0.995959
0.2
0.5
0.5
0
0.723607
0.995959
-0.2
0.5
0.5
0
0.723607
0.995959
0.2
0.69
0.75
0.1
0.723607
0.995959
-0.2
0.69
0.75
0.1
0.4
1.23107
-0.2
0.69
0.75
0.1
0.723607
0.995959
0.2
0.69
0.75
0.1
0.4
1.23107
0.2
0.69
0.75
0.1
0.4
1.23107
-0.2
0.69
0.75
0.1
0.4
1.23107
0.2
0
0.5
0
0.4
1.23107
-0.2
0
0.5
0
5.55112e-17
1.23107
-0.2
0
0.5
0
0.4
1.23107
0.2
0
0.5
0
5.55112e-17
1.23107
0.2
0
0.5
0
5.55112e-17
1.23107
-0.2
0
0.5
0
5.55112e-17
1.23107
0.2
0.8
0.8
0.8
5.55112e-17
1.23107
-0.2
0.8
0.8
0.8
-0.323607
0.995959
-0.2
0.8
0.8
0.8
5.55112e-17
1.23107
0.2
0.8
0.8
0.8
-0.323607
0.995959
0.2
0.8
0.8
0.8
-0.323607
0.995959
-0.2
0.8
0.8
0.8
-0.323607
0.995959
0.2
1
0
1
-0.323607
0.995959
-0.2
1
0
1
-0.447214
0.615537
-0.2
1
0
1
-0.323607
0.995959
0.2
1
0
1
-0.447214
0.615537
0.2
1
0
1
-0.447214
0.615537
-0.2
1
0
1
-0.447214
0.615537
0.2
0
0
0.5
-0.447214
0.615537
-0.2
0
0
0.5
-0.323607
0.235114
-0.2
0
0
0.5
-0.447214
0.615537
0.2
0
0
0.5
-0.323607
0.235114
0.2
0
0
0.5
-0.323607
0.235114
-0.2
0
0
0.5
-0.323607
0.235114
0.2
1
1
1
-0.323607
0.235114
-0.2
1
1
1
0
0
-0.2
1
1
1
-0.323607
0.235114
0.2
1
1
1
0
0
0.2
1
1
1
0
0
-0.2
1
1
1
