-0.5
-0.5
0.5
0.69
0.75
0.1
0.5
-0.5
0.5
0.69
0.75
0.1
0
0
0.853553
0.69
0.75
0.1
0.5
-0.5
0.5
0.82
1
0.08
0.5
0.5
0.5
0.82
1
0.08
0
0
0.853553
0.82
1
0.08
0.5
0.5
0.5
1
0.7
0
-0.5
0.5
0.5
1
0.7
0
0
0
0.853553
1
0.7
0
-0.5
0.5
0.5
0.5
1
0
-0.5
-0.5
0.5
0.5
1
0
0
0
0.853553
0.5
1
0
-0.5
-0.5
-0.5
0
1
0
0.5
-0.5
-0.5
0
1
0
0
0
-0.853553
0
1
0
0.5
-0.5
-0.5
0.5
0.5
0
0.5
0.5
-0.5
0.5
0.5
0
0
0
-0.853553
0.5
0.5
0
0.5
0.5
-0.5
1
1
0
-0.5
0.5
-0.5
1
1
0
0
0
-0.853553
1
1
0
-0.5
0.5
-0.5
0
0.5
0
-0.5
-0.5
-0.5
0
0.5
0
0
0
-0.853553
0
0.5
0
-0.5
-0.5
0.5
1
0
0
-0.5
-0.5
-0.5
1
0
0
0.5
-0.5
-0.5
1
0
0
-0.5
-0.5
0.5
1
0
0
0.5
-0.5
0.5
1
0
0
0.5
-0.5
-0.5
1
0
0
0.5
-0.5
0.5
1
1
1
0.5
-0.5
-0.5
1
1
1
0.5
0.5
-0.5
1
1
1
0.5
-0.5
0.5
1
1
1
0.5
0.5
0.5
1
1
1
0.5
0.5
-0.5
1
1
1
0.5
0.5
0.5
1
0
0
0.5
0.5
-0.5
1
0
0
-0.5
0.5
-0.5
1
0
0
0.5
0.5
0.5
1
0
0
-0.5
0.5
0.5
1
0
0
-0.5
0.5
-0.5
1
0
0
-0.5
0.5
0.5
1
1
1
-0.5
0.5
-0.5
1
1
1
-0.5
-0.5
-0.5
1
1
1
-0.5
0.5
0.5
1
1
1
-0.5
-0.5
0.5
1
1
1
-0.5
-0.5
-0.5
1
1
1
